v1 = (-5.100000, 2.300000, 3.600000)
v2 = (1.600000, 7.600000, -4.200000)
v3 = (-3.500000, 9.900000, -0.600000)
v4 = (-6.700000, -5.300000, 7.800000)
v5 = (-14.720000, -69.920000, 38.640000)
v6 = (-37.020000, -15.660000, -42.440000)
x1 = -5.800000
x2 = 58.453996
